{
 "cells": [
  {
   "cell_type": "code",
   "execution_count": 1,
   "metadata": {},
   "outputs": [],
   "source": [
    "import pandas as pd"
   ]
  },
  {
   "cell_type": "code",
   "execution_count": 2,
   "metadata": {},
   "outputs": [],
   "source": [
    "import numpy as np"
   ]
  },
  {
   "cell_type": "code",
   "execution_count": 3,
   "metadata": {},
   "outputs": [],
   "source": [
    "import matplotlib.pyplot as plt"
   ]
  },
  {
   "cell_type": "code",
   "execution_count": 4,
   "metadata": {},
   "outputs": [],
   "source": [
    "%matplotlib inline"
   ]
  },
  {
   "cell_type": "code",
   "execution_count": 5,
   "metadata": {},
   "outputs": [],
   "source": [
    "import seaborn as sns"
   ]
  },
  {
   "cell_type": "code",
   "execution_count": 6,
   "metadata": {},
   "outputs": [],
   "source": [
    "import random"
   ]
  },
  {
   "cell_type": "code",
   "execution_count": 7,
   "metadata": {},
   "outputs": [],
   "source": [
    "from sklearn import linear_model\n",
    "from sklearn.metrics import mean_squared_error, r2_score\n"
   ]
  },
  {
   "cell_type": "code",
   "execution_count": 8,
   "metadata": {},
   "outputs": [],
   "source": [
    "from mpl_toolkits.mplot3d import Axes3D\n"
   ]
  },
  {
   "cell_type": "code",
   "execution_count": 22,
   "metadata": {},
   "outputs": [],
   "source": [
    "data = pd.read_excel('C:/Users/elkin/Downloads/nbaaaa.xlsx', sep=';')"
   ]
  },
  {
   "cell_type": "code",
   "execution_count": 23,
   "metadata": {},
   "outputs": [
    {
     "data": {
      "text/html": [
       "<div>\n",
       "<style scoped>\n",
       "    .dataframe tbody tr th:only-of-type {\n",
       "        vertical-align: middle;\n",
       "    }\n",
       "\n",
       "    .dataframe tbody tr th {\n",
       "        vertical-align: top;\n",
       "    }\n",
       "\n",
       "    .dataframe thead th {\n",
       "        text-align: right;\n",
       "    }\n",
       "</style>\n",
       "<table border=\"1\" class=\"dataframe\">\n",
       "  <thead>\n",
       "    <tr style=\"text-align: right;\">\n",
       "      <th></th>\n",
       "      <th>G</th>\n",
       "      <th>GS</th>\n",
       "      <th>MPG</th>\n",
       "      <th>FG%</th>\n",
       "      <th>3p%</th>\n",
       "      <th>FT%</th>\n",
       "      <th>OFF</th>\n",
       "      <th>DEF</th>\n",
       "      <th>RPG</th>\n",
       "      <th>APG</th>\n",
       "      <th>SPG</th>\n",
       "      <th>BPG</th>\n",
       "      <th>TO</th>\n",
       "      <th>PF</th>\n",
       "      <th>PPG</th>\n",
       "      <th>Class</th>\n",
       "    </tr>\n",
       "  </thead>\n",
       "  <tbody>\n",
       "    <tr>\n",
       "      <th>0</th>\n",
       "      <td>362</td>\n",
       "      <td>223</td>\n",
       "      <td>24.4</td>\n",
       "      <td>0.466</td>\n",
       "      <td>0.405</td>\n",
       "      <td>0.800</td>\n",
       "      <td>0.6</td>\n",
       "      <td>2.1</td>\n",
       "      <td>2.7</td>\n",
       "      <td>1.5</td>\n",
       "      <td>0.5</td>\n",
       "      <td>0.3</td>\n",
       "      <td>0.8</td>\n",
       "      <td>2.0</td>\n",
       "      <td>8.8</td>\n",
       "      <td>1</td>\n",
       "    </tr>\n",
       "    <tr>\n",
       "      <th>1</th>\n",
       "      <td>19</td>\n",
       "      <td>0</td>\n",
       "      <td>11.9</td>\n",
       "      <td>0.273</td>\n",
       "      <td>0.298</td>\n",
       "      <td>0.970</td>\n",
       "      <td>0.1</td>\n",
       "      <td>1.1</td>\n",
       "      <td>1.2</td>\n",
       "      <td>1.2</td>\n",
       "      <td>0.4</td>\n",
       "      <td>0.0</td>\n",
       "      <td>1.2</td>\n",
       "      <td>1.4</td>\n",
       "      <td>4.6</td>\n",
       "      <td>1</td>\n",
       "    </tr>\n",
       "    <tr>\n",
       "      <th>2</th>\n",
       "      <td>1148</td>\n",
       "      <td>1140</td>\n",
       "      <td>36.9</td>\n",
       "      <td>0.452</td>\n",
       "      <td>0.400</td>\n",
       "      <td>0.894</td>\n",
       "      <td>1.0</td>\n",
       "      <td>3.2</td>\n",
       "      <td>4.2</td>\n",
       "      <td>3.6</td>\n",
       "      <td>1.2</td>\n",
       "      <td>0.2</td>\n",
       "      <td>2.2</td>\n",
       "      <td>2.3</td>\n",
       "      <td>20.0</td>\n",
       "      <td>1</td>\n",
       "    </tr>\n",
       "    <tr>\n",
       "      <th>3</th>\n",
       "      <td>466</td>\n",
       "      <td>170</td>\n",
       "      <td>19.8</td>\n",
       "      <td>0.482</td>\n",
       "      <td>0.284</td>\n",
       "      <td>0.745</td>\n",
       "      <td>0.9</td>\n",
       "      <td>1.9</td>\n",
       "      <td>2.8</td>\n",
       "      <td>1.3</td>\n",
       "      <td>1.2</td>\n",
       "      <td>0.4</td>\n",
       "      <td>1.4</td>\n",
       "      <td>2.2</td>\n",
       "      <td>7.8</td>\n",
       "      <td>1</td>\n",
       "    </tr>\n",
       "    <tr>\n",
       "      <th>4</th>\n",
       "      <td>38</td>\n",
       "      <td>1</td>\n",
       "      <td>9.5</td>\n",
       "      <td>0.381</td>\n",
       "      <td>0.292</td>\n",
       "      <td>0.743</td>\n",
       "      <td>0.3</td>\n",
       "      <td>0.9</td>\n",
       "      <td>1.2</td>\n",
       "      <td>0.3</td>\n",
       "      <td>0.3</td>\n",
       "      <td>0.1</td>\n",
       "      <td>0.5</td>\n",
       "      <td>1.1</td>\n",
       "      <td>3.1</td>\n",
       "      <td>1</td>\n",
       "    </tr>\n",
       "    <tr>\n",
       "      <th>...</th>\n",
       "      <td>...</td>\n",
       "      <td>...</td>\n",
       "      <td>...</td>\n",
       "      <td>...</td>\n",
       "      <td>...</td>\n",
       "      <td>...</td>\n",
       "      <td>...</td>\n",
       "      <td>...</td>\n",
       "      <td>...</td>\n",
       "      <td>...</td>\n",
       "      <td>...</td>\n",
       "      <td>...</td>\n",
       "      <td>...</td>\n",
       "      <td>...</td>\n",
       "      <td>...</td>\n",
       "      <td>...</td>\n",
       "    </tr>\n",
       "    <tr>\n",
       "      <th>302</th>\n",
       "      <td>1088</td>\n",
       "      <td>912</td>\n",
       "      <td>29.5</td>\n",
       "      <td>0.474</td>\n",
       "      <td>0.137</td>\n",
       "      <td>0.414</td>\n",
       "      <td>3.2</td>\n",
       "      <td>6.5</td>\n",
       "      <td>9.6</td>\n",
       "      <td>1.3</td>\n",
       "      <td>1.3</td>\n",
       "      <td>2.0</td>\n",
       "      <td>1.0</td>\n",
       "      <td>1.9</td>\n",
       "      <td>5.7</td>\n",
       "      <td>2</td>\n",
       "    </tr>\n",
       "    <tr>\n",
       "      <th>303</th>\n",
       "      <td>14</td>\n",
       "      <td>0</td>\n",
       "      <td>12.0</td>\n",
       "      <td>0.414</td>\n",
       "      <td>0.000</td>\n",
       "      <td>0.478</td>\n",
       "      <td>0.9</td>\n",
       "      <td>1.9</td>\n",
       "      <td>2.8</td>\n",
       "      <td>0.2</td>\n",
       "      <td>0.5</td>\n",
       "      <td>0.4</td>\n",
       "      <td>1.1</td>\n",
       "      <td>1.6</td>\n",
       "      <td>2.5</td>\n",
       "      <td>2</td>\n",
       "    </tr>\n",
       "    <tr>\n",
       "      <th>304</th>\n",
       "      <td>19</td>\n",
       "      <td>0</td>\n",
       "      <td>5.8</td>\n",
       "      <td>0.444</td>\n",
       "      <td>0.000</td>\n",
       "      <td>0.417</td>\n",
       "      <td>0.8</td>\n",
       "      <td>1.2</td>\n",
       "      <td>2.1</td>\n",
       "      <td>0.0</td>\n",
       "      <td>0.2</td>\n",
       "      <td>0.8</td>\n",
       "      <td>0.3</td>\n",
       "      <td>0.7</td>\n",
       "      <td>1.5</td>\n",
       "      <td>2</td>\n",
       "    </tr>\n",
       "    <tr>\n",
       "      <th>305</th>\n",
       "      <td>43</td>\n",
       "      <td>5</td>\n",
       "      <td>14.7</td>\n",
       "      <td>0.507</td>\n",
       "      <td>0.000</td>\n",
       "      <td>0.652</td>\n",
       "      <td>1.5</td>\n",
       "      <td>2.1</td>\n",
       "      <td>3.6</td>\n",
       "      <td>0.3</td>\n",
       "      <td>0.5</td>\n",
       "      <td>0.4</td>\n",
       "      <td>0.5</td>\n",
       "      <td>1.4</td>\n",
       "      <td>4.6</td>\n",
       "      <td>2</td>\n",
       "    </tr>\n",
       "    <tr>\n",
       "      <th>306</th>\n",
       "      <td>137</td>\n",
       "      <td>29</td>\n",
       "      <td>14.4</td>\n",
       "      <td>0.511</td>\n",
       "      <td>0.000</td>\n",
       "      <td>0.624</td>\n",
       "      <td>1.3</td>\n",
       "      <td>2.1</td>\n",
       "      <td>3.4</td>\n",
       "      <td>0.3</td>\n",
       "      <td>0.3</td>\n",
       "      <td>1.2</td>\n",
       "      <td>0.9</td>\n",
       "      <td>2.4</td>\n",
       "      <td>4.2</td>\n",
       "      <td>2</td>\n",
       "    </tr>\n",
       "  </tbody>\n",
       "</table>\n",
       "<p>307 rows × 16 columns</p>\n",
       "</div>"
      ],
      "text/plain": [
       "        G    GS   MPG    FG%    3p%    FT%  OFF  DEF  RPG  APG  SPG  BPG   TO  \\\n",
       "0     362   223  24.4  0.466  0.405  0.800  0.6  2.1  2.7  1.5  0.5  0.3  0.8   \n",
       "1      19     0  11.9  0.273  0.298  0.970  0.1  1.1  1.2  1.2  0.4  0.0  1.2   \n",
       "2    1148  1140  36.9  0.452  0.400  0.894  1.0  3.2  4.2  3.6  1.2  0.2  2.2   \n",
       "3     466   170  19.8  0.482  0.284  0.745  0.9  1.9  2.8  1.3  1.2  0.4  1.4   \n",
       "4      38     1   9.5  0.381  0.292  0.743  0.3  0.9  1.2  0.3  0.3  0.1  0.5   \n",
       "..    ...   ...   ...    ...    ...    ...  ...  ...  ...  ...  ...  ...  ...   \n",
       "302  1088   912  29.5  0.474  0.137  0.414  3.2  6.5  9.6  1.3  1.3  2.0  1.0   \n",
       "303    14     0  12.0  0.414  0.000  0.478  0.9  1.9  2.8  0.2  0.5  0.4  1.1   \n",
       "304    19     0   5.8  0.444  0.000  0.417  0.8  1.2  2.1  0.0  0.2  0.8  0.3   \n",
       "305    43     5  14.7  0.507  0.000  0.652  1.5  2.1  3.6  0.3  0.5  0.4  0.5   \n",
       "306   137    29  14.4  0.511  0.000  0.624  1.3  2.1  3.4  0.3  0.3  1.2  0.9   \n",
       "\n",
       "      PF   PPG  Class  \n",
       "0    2.0   8.8      1  \n",
       "1    1.4   4.6      1  \n",
       "2    2.3  20.0      1  \n",
       "3    2.2   7.8      1  \n",
       "4    1.1   3.1      1  \n",
       "..   ...   ...    ...  \n",
       "302  1.9   5.7      2  \n",
       "303  1.6   2.5      2  \n",
       "304  0.7   1.5      2  \n",
       "305  1.4   4.6      2  \n",
       "306  2.4   4.2      2  \n",
       "\n",
       "[307 rows x 16 columns]"
      ]
     },
     "execution_count": 23,
     "metadata": {},
     "output_type": "execute_result"
    }
   ],
   "source": [
    "data.head(769)"
   ]
  },
  {
   "cell_type": "code",
   "execution_count": 29,
   "metadata": {},
   "outputs": [
    {
     "data": {
      "text/plain": [
       "G          int64\n",
       "GS         int64\n",
       "MPG      float64\n",
       "FG%      float64\n",
       "3p%      float64\n",
       "FT%      float64\n",
       "OFF      float64\n",
       "DEF      float64\n",
       "RPG      float64\n",
       "APG      float64\n",
       "SPG      float64\n",
       "BPG      float64\n",
       "TO       float64\n",
       "PF       float64\n",
       "PPG      float64\n",
       "Class      int64\n",
       "dtype: object"
      ]
     },
     "execution_count": 29,
     "metadata": {},
     "output_type": "execute_result"
    }
   ],
   "source": [
    "data.dtypes"
   ]
  },
  {
   "cell_type": "code",
   "execution_count": 30,
   "metadata": {},
   "outputs": [
    {
     "data": {
      "text/html": [
       "<div>\n",
       "<style scoped>\n",
       "    .dataframe tbody tr th:only-of-type {\n",
       "        vertical-align: middle;\n",
       "    }\n",
       "\n",
       "    .dataframe tbody tr th {\n",
       "        vertical-align: top;\n",
       "    }\n",
       "\n",
       "    .dataframe thead th {\n",
       "        text-align: right;\n",
       "    }\n",
       "</style>\n",
       "<table border=\"1\" class=\"dataframe\">\n",
       "  <thead>\n",
       "    <tr style=\"text-align: right;\">\n",
       "      <th></th>\n",
       "      <th>G</th>\n",
       "      <th>GS</th>\n",
       "      <th>MPG</th>\n",
       "      <th>FG%</th>\n",
       "      <th>3p%</th>\n",
       "      <th>FT%</th>\n",
       "      <th>OFF</th>\n",
       "      <th>DEF</th>\n",
       "      <th>RPG</th>\n",
       "      <th>APG</th>\n",
       "      <th>SPG</th>\n",
       "      <th>BPG</th>\n",
       "      <th>TO</th>\n",
       "      <th>PF</th>\n",
       "      <th>PPG</th>\n",
       "      <th>Class</th>\n",
       "    </tr>\n",
       "  </thead>\n",
       "  <tbody>\n",
       "    <tr>\n",
       "      <th>count</th>\n",
       "      <td>307.000000</td>\n",
       "      <td>307.000000</td>\n",
       "      <td>307.000000</td>\n",
       "      <td>307.000000</td>\n",
       "      <td>307.000000</td>\n",
       "      <td>307.000000</td>\n",
       "      <td>307.000000</td>\n",
       "      <td>307.000000</td>\n",
       "      <td>307.000000</td>\n",
       "      <td>307.000000</td>\n",
       "      <td>307.000000</td>\n",
       "      <td>307.000000</td>\n",
       "      <td>307.000000</td>\n",
       "      <td>307.000000</td>\n",
       "      <td>307.000000</td>\n",
       "      <td>307.000000</td>\n",
       "    </tr>\n",
       "    <tr>\n",
       "      <th>mean</th>\n",
       "      <td>342.846906</td>\n",
       "      <td>194.791531</td>\n",
       "      <td>21.962541</td>\n",
       "      <td>0.449893</td>\n",
       "      <td>3.500388</td>\n",
       "      <td>7.236961</td>\n",
       "      <td>1.014332</td>\n",
       "      <td>2.600651</td>\n",
       "      <td>3.617264</td>\n",
       "      <td>2.128664</td>\n",
       "      <td>0.707492</td>\n",
       "      <td>0.453746</td>\n",
       "      <td>1.347557</td>\n",
       "      <td>1.964169</td>\n",
       "      <td>8.771661</td>\n",
       "      <td>1.358306</td>\n",
       "    </tr>\n",
       "    <tr>\n",
       "      <th>std</th>\n",
       "      <td>286.125137</td>\n",
       "      <td>247.236204</td>\n",
       "      <td>8.155354</td>\n",
       "      <td>0.058465</td>\n",
       "      <td>57.059296</td>\n",
       "      <td>80.522956</td>\n",
       "      <td>0.804597</td>\n",
       "      <td>1.490997</td>\n",
       "      <td>2.202819</td>\n",
       "      <td>1.916601</td>\n",
       "      <td>0.408779</td>\n",
       "      <td>0.479730</td>\n",
       "      <td>0.717261</td>\n",
       "      <td>0.677765</td>\n",
       "      <td>4.834261</td>\n",
       "      <td>0.480286</td>\n",
       "    </tr>\n",
       "    <tr>\n",
       "      <th>min</th>\n",
       "      <td>2.000000</td>\n",
       "      <td>0.000000</td>\n",
       "      <td>4.500000</td>\n",
       "      <td>0.267000</td>\n",
       "      <td>0.000000</td>\n",
       "      <td>0.000000</td>\n",
       "      <td>0.100000</td>\n",
       "      <td>0.300000</td>\n",
       "      <td>0.500000</td>\n",
       "      <td>0.000000</td>\n",
       "      <td>0.000000</td>\n",
       "      <td>0.000000</td>\n",
       "      <td>0.000000</td>\n",
       "      <td>0.400000</td>\n",
       "      <td>1.400000</td>\n",
       "      <td>1.000000</td>\n",
       "    </tr>\n",
       "    <tr>\n",
       "      <th>25%</th>\n",
       "      <td>92.500000</td>\n",
       "      <td>17.500000</td>\n",
       "      <td>15.750000</td>\n",
       "      <td>0.415500</td>\n",
       "      <td>0.111000</td>\n",
       "      <td>0.673000</td>\n",
       "      <td>0.400000</td>\n",
       "      <td>1.600000</td>\n",
       "      <td>2.150000</td>\n",
       "      <td>0.800000</td>\n",
       "      <td>0.400000</td>\n",
       "      <td>0.100000</td>\n",
       "      <td>0.800000</td>\n",
       "      <td>1.500000</td>\n",
       "      <td>5.200000</td>\n",
       "      <td>1.000000</td>\n",
       "    </tr>\n",
       "    <tr>\n",
       "      <th>50%</th>\n",
       "      <td>282.000000</td>\n",
       "      <td>100.000000</td>\n",
       "      <td>21.700000</td>\n",
       "      <td>0.444000</td>\n",
       "      <td>0.313000</td>\n",
       "      <td>0.762000</td>\n",
       "      <td>0.700000</td>\n",
       "      <td>2.300000</td>\n",
       "      <td>3.100000</td>\n",
       "      <td>1.500000</td>\n",
       "      <td>0.600000</td>\n",
       "      <td>0.300000</td>\n",
       "      <td>1.100000</td>\n",
       "      <td>2.000000</td>\n",
       "      <td>8.000000</td>\n",
       "      <td>1.000000</td>\n",
       "    </tr>\n",
       "    <tr>\n",
       "      <th>75%</th>\n",
       "      <td>527.500000</td>\n",
       "      <td>284.000000</td>\n",
       "      <td>28.000000</td>\n",
       "      <td>0.482000</td>\n",
       "      <td>0.366000</td>\n",
       "      <td>0.807000</td>\n",
       "      <td>1.400000</td>\n",
       "      <td>3.200000</td>\n",
       "      <td>4.400000</td>\n",
       "      <td>2.950000</td>\n",
       "      <td>0.900000</td>\n",
       "      <td>0.600000</td>\n",
       "      <td>1.700000</td>\n",
       "      <td>2.500000</td>\n",
       "      <td>11.800000</td>\n",
       "      <td>2.000000</td>\n",
       "    </tr>\n",
       "    <tr>\n",
       "      <th>max</th>\n",
       "      <td>1315.000000</td>\n",
       "      <td>1302.000000</td>\n",
       "      <td>37.700000</td>\n",
       "      <td>0.644000</td>\n",
       "      <td>1000.000000</td>\n",
       "      <td>1000.000000</td>\n",
       "      <td>3.900000</td>\n",
       "      <td>9.300000</td>\n",
       "      <td>13.000000</td>\n",
       "      <td>9.800000</td>\n",
       "      <td>2.400000</td>\n",
       "      <td>2.400000</td>\n",
       "      <td>3.800000</td>\n",
       "      <td>4.100000</td>\n",
       "      <td>25.400000</td>\n",
       "      <td>2.000000</td>\n",
       "    </tr>\n",
       "  </tbody>\n",
       "</table>\n",
       "</div>"
      ],
      "text/plain": [
       "                 G           GS         MPG         FG%          3p%  \\\n",
       "count   307.000000   307.000000  307.000000  307.000000   307.000000   \n",
       "mean    342.846906   194.791531   21.962541    0.449893     3.500388   \n",
       "std     286.125137   247.236204    8.155354    0.058465    57.059296   \n",
       "min       2.000000     0.000000    4.500000    0.267000     0.000000   \n",
       "25%      92.500000    17.500000   15.750000    0.415500     0.111000   \n",
       "50%     282.000000   100.000000   21.700000    0.444000     0.313000   \n",
       "75%     527.500000   284.000000   28.000000    0.482000     0.366000   \n",
       "max    1315.000000  1302.000000   37.700000    0.644000  1000.000000   \n",
       "\n",
       "               FT%         OFF         DEF         RPG         APG  \\\n",
       "count   307.000000  307.000000  307.000000  307.000000  307.000000   \n",
       "mean      7.236961    1.014332    2.600651    3.617264    2.128664   \n",
       "std      80.522956    0.804597    1.490997    2.202819    1.916601   \n",
       "min       0.000000    0.100000    0.300000    0.500000    0.000000   \n",
       "25%       0.673000    0.400000    1.600000    2.150000    0.800000   \n",
       "50%       0.762000    0.700000    2.300000    3.100000    1.500000   \n",
       "75%       0.807000    1.400000    3.200000    4.400000    2.950000   \n",
       "max    1000.000000    3.900000    9.300000   13.000000    9.800000   \n",
       "\n",
       "              SPG         BPG          TO          PF         PPG       Class  \n",
       "count  307.000000  307.000000  307.000000  307.000000  307.000000  307.000000  \n",
       "mean     0.707492    0.453746    1.347557    1.964169    8.771661    1.358306  \n",
       "std      0.408779    0.479730    0.717261    0.677765    4.834261    0.480286  \n",
       "min      0.000000    0.000000    0.000000    0.400000    1.400000    1.000000  \n",
       "25%      0.400000    0.100000    0.800000    1.500000    5.200000    1.000000  \n",
       "50%      0.600000    0.300000    1.100000    2.000000    8.000000    1.000000  \n",
       "75%      0.900000    0.600000    1.700000    2.500000   11.800000    2.000000  \n",
       "max      2.400000    2.400000    3.800000    4.100000   25.400000    2.000000  "
      ]
     },
     "execution_count": 30,
     "metadata": {},
     "output_type": "execute_result"
    }
   ],
   "source": [
    "#HALLAR MEDIA. MAX,MIN \n",
    "\n",
    "data.describe()"
   ]
  },
  {
   "cell_type": "code",
   "execution_count": 24,
   "metadata": {},
   "outputs": [
    {
     "data": {
      "text/html": [
       "<div>\n",
       "<style scoped>\n",
       "    .dataframe tbody tr th:only-of-type {\n",
       "        vertical-align: middle;\n",
       "    }\n",
       "\n",
       "    .dataframe tbody tr th {\n",
       "        vertical-align: top;\n",
       "    }\n",
       "\n",
       "    .dataframe thead th {\n",
       "        text-align: right;\n",
       "    }\n",
       "</style>\n",
       "<table border=\"1\" class=\"dataframe\">\n",
       "  <thead>\n",
       "    <tr style=\"text-align: right;\">\n",
       "      <th></th>\n",
       "      <th>G</th>\n",
       "      <th>GS</th>\n",
       "      <th>MPG</th>\n",
       "      <th>FG%</th>\n",
       "      <th>3p%</th>\n",
       "      <th>FT%</th>\n",
       "      <th>OFF</th>\n",
       "      <th>DEF</th>\n",
       "      <th>RPG</th>\n",
       "      <th>APG</th>\n",
       "      <th>SPG</th>\n",
       "      <th>BPG</th>\n",
       "      <th>TO</th>\n",
       "      <th>PF</th>\n",
       "      <th>PPG</th>\n",
       "      <th>Class</th>\n",
       "    </tr>\n",
       "  </thead>\n",
       "  <tbody>\n",
       "    <tr>\n",
       "      <th>G</th>\n",
       "      <td>1.000000</td>\n",
       "      <td>0.879715</td>\n",
       "      <td>0.581762</td>\n",
       "      <td>0.198971</td>\n",
       "      <td>0.036973</td>\n",
       "      <td>-0.091178</td>\n",
       "      <td>0.247644</td>\n",
       "      <td>0.453678</td>\n",
       "      <td>0.397277</td>\n",
       "      <td>0.363044</td>\n",
       "      <td>0.382621</td>\n",
       "      <td>0.209769</td>\n",
       "      <td>0.394661</td>\n",
       "      <td>0.455382</td>\n",
       "      <td>0.499445</td>\n",
       "      <td>0.035715</td>\n",
       "    </tr>\n",
       "    <tr>\n",
       "      <th>GS</th>\n",
       "      <td>0.879715</td>\n",
       "      <td>1.000000</td>\n",
       "      <td>0.690063</td>\n",
       "      <td>0.203590</td>\n",
       "      <td>0.050451</td>\n",
       "      <td>-0.063639</td>\n",
       "      <td>0.318300</td>\n",
       "      <td>0.563453</td>\n",
       "      <td>0.497607</td>\n",
       "      <td>0.480141</td>\n",
       "      <td>0.488586</td>\n",
       "      <td>0.276149</td>\n",
       "      <td>0.560343</td>\n",
       "      <td>0.462347</td>\n",
       "      <td>0.629051</td>\n",
       "      <td>0.037207</td>\n",
       "    </tr>\n",
       "    <tr>\n",
       "      <th>MPG</th>\n",
       "      <td>0.581762</td>\n",
       "      <td>0.690063</td>\n",
       "      <td>1.000000</td>\n",
       "      <td>0.155849</td>\n",
       "      <td>0.021563</td>\n",
       "      <td>-0.085055</td>\n",
       "      <td>0.283169</td>\n",
       "      <td>0.626584</td>\n",
       "      <td>0.528538</td>\n",
       "      <td>0.671479</td>\n",
       "      <td>0.756923</td>\n",
       "      <td>0.184222</td>\n",
       "      <td>0.823462</td>\n",
       "      <td>0.616285</td>\n",
       "      <td>0.904577</td>\n",
       "      <td>-0.162510</td>\n",
       "    </tr>\n",
       "    <tr>\n",
       "      <th>FG%</th>\n",
       "      <td>0.198971</td>\n",
       "      <td>0.203590</td>\n",
       "      <td>0.155849</td>\n",
       "      <td>1.000000</td>\n",
       "      <td>0.091946</td>\n",
       "      <td>-0.170895</td>\n",
       "      <td>0.577132</td>\n",
       "      <td>0.501653</td>\n",
       "      <td>0.553361</td>\n",
       "      <td>-0.170024</td>\n",
       "      <td>-0.050314</td>\n",
       "      <td>0.590211</td>\n",
       "      <td>0.017322</td>\n",
       "      <td>0.515697</td>\n",
       "      <td>0.112456</td>\n",
       "      <td>0.626230</td>\n",
       "    </tr>\n",
       "    <tr>\n",
       "      <th>3p%</th>\n",
       "      <td>0.036973</td>\n",
       "      <td>0.050451</td>\n",
       "      <td>0.021563</td>\n",
       "      <td>0.091946</td>\n",
       "      <td>1.000000</td>\n",
       "      <td>-0.004765</td>\n",
       "      <td>0.054483</td>\n",
       "      <td>0.030163</td>\n",
       "      <td>0.040251</td>\n",
       "      <td>-0.047442</td>\n",
       "      <td>-0.056070</td>\n",
       "      <td>0.028022</td>\n",
       "      <td>0.068818</td>\n",
       "      <td>0.087104</td>\n",
       "      <td>0.051114</td>\n",
       "      <td>0.074521</td>\n",
       "    </tr>\n",
       "    <tr>\n",
       "      <th>FT%</th>\n",
       "      <td>-0.091178</td>\n",
       "      <td>-0.063639</td>\n",
       "      <td>-0.085055</td>\n",
       "      <td>-0.170895</td>\n",
       "      <td>-0.004765</td>\n",
       "      <td>1.000000</td>\n",
       "      <td>0.053563</td>\n",
       "      <td>-0.051825</td>\n",
       "      <td>-0.015600</td>\n",
       "      <td>-0.059797</td>\n",
       "      <td>-0.010893</td>\n",
       "      <td>-0.068782</td>\n",
       "      <td>-0.117915</td>\n",
       "      <td>-0.121381</td>\n",
       "      <td>-0.080178</td>\n",
       "      <td>-0.061257</td>\n",
       "    </tr>\n",
       "    <tr>\n",
       "      <th>OFF</th>\n",
       "      <td>0.247644</td>\n",
       "      <td>0.318300</td>\n",
       "      <td>0.283169</td>\n",
       "      <td>0.577132</td>\n",
       "      <td>0.054483</td>\n",
       "      <td>0.053563</td>\n",
       "      <td>1.000000</td>\n",
       "      <td>0.813246</td>\n",
       "      <td>0.918273</td>\n",
       "      <td>-0.226066</td>\n",
       "      <td>0.001262</td>\n",
       "      <td>0.753462</td>\n",
       "      <td>0.113315</td>\n",
       "      <td>0.610341</td>\n",
       "      <td>0.191354</td>\n",
       "      <td>0.731703</td>\n",
       "    </tr>\n",
       "    <tr>\n",
       "      <th>DEF</th>\n",
       "      <td>0.453678</td>\n",
       "      <td>0.563453</td>\n",
       "      <td>0.626584</td>\n",
       "      <td>0.501653</td>\n",
       "      <td>0.030163</td>\n",
       "      <td>-0.051825</td>\n",
       "      <td>0.813246</td>\n",
       "      <td>1.000000</td>\n",
       "      <td>0.976818</td>\n",
       "      <td>0.111585</td>\n",
       "      <td>0.315911</td>\n",
       "      <td>0.688153</td>\n",
       "      <td>0.427294</td>\n",
       "      <td>0.701353</td>\n",
       "      <td>0.507056</td>\n",
       "      <td>0.493449</td>\n",
       "    </tr>\n",
       "    <tr>\n",
       "      <th>RPG</th>\n",
       "      <td>0.397277</td>\n",
       "      <td>0.497607</td>\n",
       "      <td>0.528538</td>\n",
       "      <td>0.553361</td>\n",
       "      <td>0.040251</td>\n",
       "      <td>-0.015600</td>\n",
       "      <td>0.918273</td>\n",
       "      <td>0.976818</td>\n",
       "      <td>1.000000</td>\n",
       "      <td>-0.008531</td>\n",
       "      <td>0.215575</td>\n",
       "      <td>0.743688</td>\n",
       "      <td>0.331572</td>\n",
       "      <td>0.702278</td>\n",
       "      <td>0.414550</td>\n",
       "      <td>0.604496</td>\n",
       "    </tr>\n",
       "    <tr>\n",
       "      <th>APG</th>\n",
       "      <td>0.363044</td>\n",
       "      <td>0.480141</td>\n",
       "      <td>0.671479</td>\n",
       "      <td>-0.170024</td>\n",
       "      <td>-0.047442</td>\n",
       "      <td>-0.059797</td>\n",
       "      <td>-0.226066</td>\n",
       "      <td>0.111585</td>\n",
       "      <td>-0.008531</td>\n",
       "      <td>1.000000</td>\n",
       "      <td>0.767346</td>\n",
       "      <td>-0.262919</td>\n",
       "      <td>0.812633</td>\n",
       "      <td>0.152116</td>\n",
       "      <td>0.641059</td>\n",
       "      <td>-0.485495</td>\n",
       "    </tr>\n",
       "    <tr>\n",
       "      <th>SPG</th>\n",
       "      <td>0.382621</td>\n",
       "      <td>0.488586</td>\n",
       "      <td>0.756923</td>\n",
       "      <td>-0.050314</td>\n",
       "      <td>-0.056070</td>\n",
       "      <td>-0.010893</td>\n",
       "      <td>0.001262</td>\n",
       "      <td>0.315911</td>\n",
       "      <td>0.215575</td>\n",
       "      <td>0.767346</td>\n",
       "      <td>1.000000</td>\n",
       "      <td>-0.102547</td>\n",
       "      <td>0.740870</td>\n",
       "      <td>0.345986</td>\n",
       "      <td>0.688151</td>\n",
       "      <td>-0.383242</td>\n",
       "    </tr>\n",
       "    <tr>\n",
       "      <th>BPG</th>\n",
       "      <td>0.209769</td>\n",
       "      <td>0.276149</td>\n",
       "      <td>0.184222</td>\n",
       "      <td>0.590211</td>\n",
       "      <td>0.028022</td>\n",
       "      <td>-0.068782</td>\n",
       "      <td>0.753462</td>\n",
       "      <td>0.688153</td>\n",
       "      <td>0.743688</td>\n",
       "      <td>-0.262919</td>\n",
       "      <td>-0.102547</td>\n",
       "      <td>1.000000</td>\n",
       "      <td>0.043454</td>\n",
       "      <td>0.553713</td>\n",
       "      <td>0.078372</td>\n",
       "      <td>0.707583</td>\n",
       "    </tr>\n",
       "    <tr>\n",
       "      <th>TO</th>\n",
       "      <td>0.394661</td>\n",
       "      <td>0.560343</td>\n",
       "      <td>0.823462</td>\n",
       "      <td>0.017322</td>\n",
       "      <td>0.068818</td>\n",
       "      <td>-0.117915</td>\n",
       "      <td>0.113315</td>\n",
       "      <td>0.427294</td>\n",
       "      <td>0.331572</td>\n",
       "      <td>0.812633</td>\n",
       "      <td>0.740870</td>\n",
       "      <td>0.043454</td>\n",
       "      <td>1.000000</td>\n",
       "      <td>0.471393</td>\n",
       "      <td>0.833758</td>\n",
       "      <td>-0.246943</td>\n",
       "    </tr>\n",
       "    <tr>\n",
       "      <th>PF</th>\n",
       "      <td>0.455382</td>\n",
       "      <td>0.462347</td>\n",
       "      <td>0.616285</td>\n",
       "      <td>0.515697</td>\n",
       "      <td>0.087104</td>\n",
       "      <td>-0.121381</td>\n",
       "      <td>0.610341</td>\n",
       "      <td>0.701353</td>\n",
       "      <td>0.702278</td>\n",
       "      <td>0.152116</td>\n",
       "      <td>0.345986</td>\n",
       "      <td>0.553713</td>\n",
       "      <td>0.471393</td>\n",
       "      <td>1.000000</td>\n",
       "      <td>0.493033</td>\n",
       "      <td>0.428086</td>\n",
       "    </tr>\n",
       "    <tr>\n",
       "      <th>PPG</th>\n",
       "      <td>0.499445</td>\n",
       "      <td>0.629051</td>\n",
       "      <td>0.904577</td>\n",
       "      <td>0.112456</td>\n",
       "      <td>0.051114</td>\n",
       "      <td>-0.080178</td>\n",
       "      <td>0.191354</td>\n",
       "      <td>0.507056</td>\n",
       "      <td>0.414550</td>\n",
       "      <td>0.641059</td>\n",
       "      <td>0.688151</td>\n",
       "      <td>0.078372</td>\n",
       "      <td>0.833758</td>\n",
       "      <td>0.493033</td>\n",
       "      <td>1.000000</td>\n",
       "      <td>-0.222079</td>\n",
       "    </tr>\n",
       "    <tr>\n",
       "      <th>Class</th>\n",
       "      <td>0.035715</td>\n",
       "      <td>0.037207</td>\n",
       "      <td>-0.162510</td>\n",
       "      <td>0.626230</td>\n",
       "      <td>0.074521</td>\n",
       "      <td>-0.061257</td>\n",
       "      <td>0.731703</td>\n",
       "      <td>0.493449</td>\n",
       "      <td>0.604496</td>\n",
       "      <td>-0.485495</td>\n",
       "      <td>-0.383242</td>\n",
       "      <td>0.707583</td>\n",
       "      <td>-0.246943</td>\n",
       "      <td>0.428086</td>\n",
       "      <td>-0.222079</td>\n",
       "      <td>1.000000</td>\n",
       "    </tr>\n",
       "  </tbody>\n",
       "</table>\n",
       "</div>"
      ],
      "text/plain": [
       "              G        GS       MPG       FG%       3p%       FT%       OFF  \\\n",
       "G      1.000000  0.879715  0.581762  0.198971  0.036973 -0.091178  0.247644   \n",
       "GS     0.879715  1.000000  0.690063  0.203590  0.050451 -0.063639  0.318300   \n",
       "MPG    0.581762  0.690063  1.000000  0.155849  0.021563 -0.085055  0.283169   \n",
       "FG%    0.198971  0.203590  0.155849  1.000000  0.091946 -0.170895  0.577132   \n",
       "3p%    0.036973  0.050451  0.021563  0.091946  1.000000 -0.004765  0.054483   \n",
       "FT%   -0.091178 -0.063639 -0.085055 -0.170895 -0.004765  1.000000  0.053563   \n",
       "OFF    0.247644  0.318300  0.283169  0.577132  0.054483  0.053563  1.000000   \n",
       "DEF    0.453678  0.563453  0.626584  0.501653  0.030163 -0.051825  0.813246   \n",
       "RPG    0.397277  0.497607  0.528538  0.553361  0.040251 -0.015600  0.918273   \n",
       "APG    0.363044  0.480141  0.671479 -0.170024 -0.047442 -0.059797 -0.226066   \n",
       "SPG    0.382621  0.488586  0.756923 -0.050314 -0.056070 -0.010893  0.001262   \n",
       "BPG    0.209769  0.276149  0.184222  0.590211  0.028022 -0.068782  0.753462   \n",
       "TO     0.394661  0.560343  0.823462  0.017322  0.068818 -0.117915  0.113315   \n",
       "PF     0.455382  0.462347  0.616285  0.515697  0.087104 -0.121381  0.610341   \n",
       "PPG    0.499445  0.629051  0.904577  0.112456  0.051114 -0.080178  0.191354   \n",
       "Class  0.035715  0.037207 -0.162510  0.626230  0.074521 -0.061257  0.731703   \n",
       "\n",
       "            DEF       RPG       APG       SPG       BPG        TO        PF  \\\n",
       "G      0.453678  0.397277  0.363044  0.382621  0.209769  0.394661  0.455382   \n",
       "GS     0.563453  0.497607  0.480141  0.488586  0.276149  0.560343  0.462347   \n",
       "MPG    0.626584  0.528538  0.671479  0.756923  0.184222  0.823462  0.616285   \n",
       "FG%    0.501653  0.553361 -0.170024 -0.050314  0.590211  0.017322  0.515697   \n",
       "3p%    0.030163  0.040251 -0.047442 -0.056070  0.028022  0.068818  0.087104   \n",
       "FT%   -0.051825 -0.015600 -0.059797 -0.010893 -0.068782 -0.117915 -0.121381   \n",
       "OFF    0.813246  0.918273 -0.226066  0.001262  0.753462  0.113315  0.610341   \n",
       "DEF    1.000000  0.976818  0.111585  0.315911  0.688153  0.427294  0.701353   \n",
       "RPG    0.976818  1.000000 -0.008531  0.215575  0.743688  0.331572  0.702278   \n",
       "APG    0.111585 -0.008531  1.000000  0.767346 -0.262919  0.812633  0.152116   \n",
       "SPG    0.315911  0.215575  0.767346  1.000000 -0.102547  0.740870  0.345986   \n",
       "BPG    0.688153  0.743688 -0.262919 -0.102547  1.000000  0.043454  0.553713   \n",
       "TO     0.427294  0.331572  0.812633  0.740870  0.043454  1.000000  0.471393   \n",
       "PF     0.701353  0.702278  0.152116  0.345986  0.553713  0.471393  1.000000   \n",
       "PPG    0.507056  0.414550  0.641059  0.688151  0.078372  0.833758  0.493033   \n",
       "Class  0.493449  0.604496 -0.485495 -0.383242  0.707583 -0.246943  0.428086   \n",
       "\n",
       "            PPG     Class  \n",
       "G      0.499445  0.035715  \n",
       "GS     0.629051  0.037207  \n",
       "MPG    0.904577 -0.162510  \n",
       "FG%    0.112456  0.626230  \n",
       "3p%    0.051114  0.074521  \n",
       "FT%   -0.080178 -0.061257  \n",
       "OFF    0.191354  0.731703  \n",
       "DEF    0.507056  0.493449  \n",
       "RPG    0.414550  0.604496  \n",
       "APG    0.641059 -0.485495  \n",
       "SPG    0.688151 -0.383242  \n",
       "BPG    0.078372  0.707583  \n",
       "TO     0.833758 -0.246943  \n",
       "PF     0.493033  0.428086  \n",
       "PPG    1.000000 -0.222079  \n",
       "Class -0.222079  1.000000  "
      ]
     },
     "execution_count": 24,
     "metadata": {},
     "output_type": "execute_result"
    }
   ],
   "source": [
    "data.corr()"
   ]
  },
  {
   "cell_type": "code",
   "execution_count": 25,
   "metadata": {},
   "outputs": [
    {
     "data": {
      "text/html": [
       "<div>\n",
       "<style scoped>\n",
       "    .dataframe tbody tr th:only-of-type {\n",
       "        vertical-align: middle;\n",
       "    }\n",
       "\n",
       "    .dataframe tbody tr th {\n",
       "        vertical-align: top;\n",
       "    }\n",
       "\n",
       "    .dataframe thead th {\n",
       "        text-align: right;\n",
       "    }\n",
       "</style>\n",
       "<table border=\"1\" class=\"dataframe\">\n",
       "  <thead>\n",
       "    <tr style=\"text-align: right;\">\n",
       "      <th></th>\n",
       "      <th>G</th>\n",
       "      <th>GS</th>\n",
       "      <th>MPG</th>\n",
       "      <th>FG%</th>\n",
       "      <th>3p%</th>\n",
       "      <th>FT%</th>\n",
       "      <th>OFF</th>\n",
       "      <th>DEF</th>\n",
       "      <th>RPG</th>\n",
       "      <th>APG</th>\n",
       "      <th>SPG</th>\n",
       "      <th>BPG</th>\n",
       "      <th>TO</th>\n",
       "      <th>PF</th>\n",
       "      <th>PPG</th>\n",
       "      <th>Class</th>\n",
       "    </tr>\n",
       "  </thead>\n",
       "  <tbody>\n",
       "    <tr>\n",
       "      <th>G</th>\n",
       "      <td>1.000000</td>\n",
       "      <td>0.879715</td>\n",
       "      <td>0.581762</td>\n",
       "      <td>0.198971</td>\n",
       "      <td>0.036973</td>\n",
       "      <td>-0.091178</td>\n",
       "      <td>0.247644</td>\n",
       "      <td>0.453678</td>\n",
       "      <td>0.397277</td>\n",
       "      <td>0.363044</td>\n",
       "      <td>0.382621</td>\n",
       "      <td>0.209769</td>\n",
       "      <td>0.394661</td>\n",
       "      <td>0.455382</td>\n",
       "      <td>0.499445</td>\n",
       "      <td>0.035715</td>\n",
       "    </tr>\n",
       "    <tr>\n",
       "      <th>GS</th>\n",
       "      <td>0.879715</td>\n",
       "      <td>1.000000</td>\n",
       "      <td>0.690063</td>\n",
       "      <td>0.203590</td>\n",
       "      <td>0.050451</td>\n",
       "      <td>-0.063639</td>\n",
       "      <td>0.318300</td>\n",
       "      <td>0.563453</td>\n",
       "      <td>0.497607</td>\n",
       "      <td>0.480141</td>\n",
       "      <td>0.488586</td>\n",
       "      <td>0.276149</td>\n",
       "      <td>0.560343</td>\n",
       "      <td>0.462347</td>\n",
       "      <td>0.629051</td>\n",
       "      <td>0.037207</td>\n",
       "    </tr>\n",
       "    <tr>\n",
       "      <th>MPG</th>\n",
       "      <td>0.581762</td>\n",
       "      <td>0.690063</td>\n",
       "      <td>1.000000</td>\n",
       "      <td>0.155849</td>\n",
       "      <td>0.021563</td>\n",
       "      <td>-0.085055</td>\n",
       "      <td>0.283169</td>\n",
       "      <td>0.626584</td>\n",
       "      <td>0.528538</td>\n",
       "      <td>0.671479</td>\n",
       "      <td>0.756923</td>\n",
       "      <td>0.184222</td>\n",
       "      <td>0.823462</td>\n",
       "      <td>0.616285</td>\n",
       "      <td>0.904577</td>\n",
       "      <td>-0.162510</td>\n",
       "    </tr>\n",
       "    <tr>\n",
       "      <th>FG%</th>\n",
       "      <td>0.198971</td>\n",
       "      <td>0.203590</td>\n",
       "      <td>0.155849</td>\n",
       "      <td>1.000000</td>\n",
